422

· 10010, 183, 8, 1236, 1111, mimmenushen, 01011111 eliud R,

’ 11, 887, 11, 400, 2.

800000 neglegentius scribit: 2, 7,
16, 2 000, 23, 6, 39, 21, 77, 4,
0οςομπηῃημο0,
124, 17, 141, 17, 155, 5, 163, 4,
185, 9, 215, 14, 274, 20, 235, 30,
293, 20, 310, 2, 314, 7, 355, 3,
405, 7.

Seneca poetarum 001000 negle-
genter adfert 19, 20, 114,3, 229,
22, 273, 17, 0100110110 274, 15,
305, 9.

0000011031οοςο uite 179, 1.

Sententia suppresse 67, 7, 137, 22
sqq.

Sententiarum 00001110 000101010-
110 0001011101 16, 2 000.

1000100 59, 12, 119, 13, - 286, 3.

000000001001000 372, 9.

01025015.

81010107, 141, 5, 177, 20.

11110000 010 125, 7.

(10001000 000000 206, 10,

010000 nne 1110011001 103, 3.

010100οε000001101126, 4, 181, 1.

0000110101276, 24

speculator 291, 13.

00001ρο01308.

Stilbon 30, 4.

0100000 0000010011 233, 11.

Subieeti notio sententie eompre-
1100011198, 16.

005μο000 11) 105, 24.
0000001000 00000 225, 20.
supro eduerbium 337, 7.

Tamum 01 01011110 10 compe-
retionibue 10110100 membrorum
ordine 33, 1, 214,11.

20 00.

100111 001 19, 15 enm Ano.; 298.
24 sq.

tontum nid. 010010.

10011000 ooo 9, 3.

retentem ¹³⁶2 2.

2100000000 143, 13.

onom 00011100 1010010372, 1.

1010 0001000 224, 9.

1101100000, edocto 91, 10.

10011100 (1) 00101021, 16.

00100010010 0001010 indefinito
138, 19.

numptius 0010101110 12, l.

’10010-01001 61126, 10000 10 (1101010111-

benennon
2000001100, 2100001100 333, 17.

2οΗ00

00110, 00110 01101011 392, 16

uertere (00) 165, 4.

0010000100011) 233, 6.

0011110001 0010001010 387, 7.

001100 001100 1100100 234, 23 eum Add.
0100010500 (00011500) (1) 337, 10.

010 0001 emphasi dietum 125, 7,

236, 14, 823, 7.
vim: alimento uirium 303, 4.
01000 0000100000 (1) 386, 10.
010 00100 174, 1.
oio (morbi) 157, 17, 414, 9.
0010101110 63, 3.
0010001000001· 193, 4.
00000 001 0001100001οι0 153, 3.
011110 renio 123, 10.
memnon
uulnus = eorpus 00100101οω 14,
14, 300, 19, 0100110101 139, le

Xersen 135, 20 (, 41, 1). .
000100 133, 6.

 

