pro precarii :x precari 178, 4, alia uid. 185, 4 (11), 199, 16
(1151111115), 235, 13, 247, 7 (5511511ᾱὲ115 1151511115), 268, 15
5120, 269, 22, 287, 14, 294, 20, 301,17; 308, 18, 312, 22,
334, 6, 335, 12, 410, 20, 411, 8. De nominum uerborumque
formis 11115 permutatione (1551555115, item de praep. dcet
di infra 11155111. -5 ,15115 permutatur 51111 o: 10, 31, 169, 2,

. 208, 5, 280, 11; 287, 9. - 511111 t: 1511111111 233,11;11111511111

314, 9, 11115 ematur 334, 11.

1,)15 ph in uoc. Graecis 30, 4, 40, 12, 284, 25.

gpermutatur 51111 Ι ante 1155111511, id quod librarium 1151111111
tuisse ostendere uidetur: 7, 9, 323, 5, 889, 29 (511. etiam
511 ,115 apia seriptum p. 254, 8). - 51111 1, 331, 6.

teum t: 186, 7, 190, 14(;280, 5); 219, 12, 285, 171228811,
388, 4 5128, 396, 4), 326, 3. - 5111 11 163, 19, 164, 5,
17519, 178, 7, 179, 15, 192, 10, 202, 15, 205, 8, 206, 18,
266, 22, 273, 11; 277, 7, 381, 7, 115 111111-11111151511111-1111111
11111 infra -51111111 13, 4, 35, 10, 41, 2, 42, 24, 189, 5,
255, 9, 311, 19, plerumque in 11555 1115111115, interdum
11115 ,115 sylla, 111115.

1511111151,15;115,511(;155,11;151,1ο); 189, 2, 254, 11,
287, 19, 290, 8 51 17, 814, 10, 339, 10, 394, 22 -115111114
36, 5, 511111 1Ι 173, 6, 511111179, 12, 511111 11 275, 5, oum
ιι 5115 (cfr. 155, 15 iopam-oum).

11 511111 n: 64, 17, 83, 15, 119, 20, 139, 22, 140, 5, 217, 8,
240, 8, 245, 2, 254, 22 (iu libro X: 311, 12 51 145125,
314, 1, 315, 20, 823, 18, 327, 19), 380, 12 - n pro 111
admo» 208, 17, cfr. 11151111 ,115 dicam 227, 28. - 11-111
406, 11. -

noum 1 259, 3, 318, 7:380, 1; saepius 111111-111111. - 11
5111111111 11911111 200, 22, 1151515151511241, 8, cum 1111
comparandae 1511111155 11155 permutationes: (1151111151εώ
-11111111111111115 181, 20 (-· 57, 201 uid. Add.) 51 1115111111-
11111511115 192, 5. - 1 oum a: ,11115155 182, 2. - 1151111111 ex
ΤΑ225,4(11111.511,11·5), 511 Α11,).229,24(1111111,11511111111),
diuisum in ΑΤ 195, 16, AN ex MI ortum p. 229, 10.

,1511111198,3,140, 19, 293, 21. - eum t: ,11111115 108, ll.

1511111226,125113,234,2-1>51118;11,8.

1 oum t: desinere 121, 18, ,1111111111εώ 136, 13:142, 8, 18217,
11111111 255, 5, perducat 258, 14, 511. etiam 290, 17, 808, 7
(1111115 ,115 1111111).

15111111, 181, 7, 27835123, 2893, 407, 10; cumi: 229, 24
267, 17, 5111111, 271,7, 281,12 - 11515116, 12, [1151311024.

1,,11511190,18,325,14.

155111132,8,36,4;148,23,169,8,171,8,187,2,297,19,
39921. - 1151111 169, 23, 291, 4(58, 11), 1151111966.

- 11 etp: saepe Sylla3 ofr. praeterea 158, 12, 187, 21,
1151.-

 

