91, 4, 0011011193,17,001111’1,01“1911,14, incendere 309, 1,1111111”
310, 19, 316, 19, 101900100314, 6, inquom 381, 90, mm
383, 13, fumo 339, 10.

p: 0100101101, 001110110πὶ110 37,17 01 011111, 0100101000 63,17,
uoluptate 68, 3, 000181, 7.

r: 0011110010 98,1, petiis 180, 7, proprius 100, 8, 919, 10, 011.
0100101011 990, 6, 390, 9, 391, 0, 403, 9.

s: 0000110001 41, 91, pervenistis 49, 19, 1001000000 139, 13,
301, 1, 1110010 938, 13, discere 307, 11, oir- 333, 93, 330, 90.

10001101 maxime in 11110 usi-borum: [0,11, 131, 90, 13,
111, 10101, 10, 0011110010] 100101, 10111, 10010
941, 17, 303, 3, in 11100. noo: 010101110037, 3, ubi 1111101100
1011. cupiditatem 0010 00100101, inperiti 166, 4, 0000111110
199, 6, 0310010111 900, 93, terror 917, 97, 1011111100 997, 10,
00. eiiam 111, 11, 101, 10.

0;1101110110111010149,9, 990, 3, munior 916, 7, 0110110110
161, 1.

0) Syllabas 0110000111 00100100 1) initio uocabulorum: praefixum
negatiuum 111 07, 4, 163, 3, praepositio 00 in 0011110 0000011110
6, 11, 399, 13, exportare 333, 13, 0101110010 937, 11 (offered
13, 1), notandas 0100101011 primos syllabae geminationes
197,17, 93411, 399, 1, 370, 9, 9) 111 modiis uooibus: [6, 93,
43, 9, 81, 7, 916, 8, 39019, 398, 90, 396, 93], perdidit (01
similis) 133, 131 300, 9, 388, 11, domantur 969, 19, 937, 9,
0011010977, 9, 333, 13, 00010110 4, 93, 0001011000 63, 6, ofr.
0111010100 30, 99, loto (1011011110), 93719, 943, 4, 390, 96,
331, 10, 373, 31 406, 31, 110, 9 (011. 103, 14); etism syllabae
geminatae: [10, 10; 100, 10 401, 10], 1100111111, 11110
997, 13 (1110. 0100111110), 0000110100 163, 3, 948, 13, 407, 4.

0110111111οω 1110100 0011, 11, 11, 01, 10; 100, 1;
90313, 94017, 949, 99. - qne (q;) 17917. - 001301.-
no! (11) 33, 96, 70, 91. - in 976, 19.

0) 110000 quasdam singulae 01010000 inm 00110100 01011111 001
plerumque 0001 aliquantum spatium mols iterantur (1111010010
hi errores in ipso 000100 00110011 011111), 93, 16, 19, 3, 43, 11,
0010, loo, o? 110, 11, 131,1; 111, 0, 111, 1; 110, 1, 100, 11,
193,1, 900, 8, 991, 19, 931, 9, 913, 90, 911, 18 (01931), 910, 69
919, 4, 9308 0117, 931, 8, 936, 3, 313, 91 319, 3, 373, 11,
331, 99. - P. 73,19 011 eiusmodi 011010 nondum 00110010
librarius 00 statim 1011000011, item p. 191, 11 ii 10110000 inde
ortum 001, quod 13110 1101010 00000101, 011. otiam quo 937, 3.
801011000000010 1100000111 plerumque 001100 1011111111 00011111
oo 00100100 sunt, quod librarius 000 001110 anto 00110010
00000101, quam soribi (1011010111 (0111010000), 011. p. 6, 3,
110111), 00, 1, 01, 11, 01, 10, 111, 11, 110,11; 100,11;
918, γ6, 0100110111 909, 70010 ortum 001.
commemorari hio 0110111 ii looi possunt, nbi librarius pro 00
norbo, quod soribi 00001101, oliui simile 00110111001001111010
000011,001110001011111 0010111 subisoit: 1000100 933,0,011101(011”0000)

 

